2.609920349121093750e+02 1.178261337280273438e+02
1.699082489013671875e+02 1.235179367065429688e+02
2.273223114013671875e+02 1.287583007812500000e+02
2.557360839843750000e+02 1.213194122314453125e+02
2.579165649414062500e+02 1.188243637084960938e+02
1.636398925781250000e+02 1.243753128051757812e+02
1.675722808837890625e+02 1.263815612792968750e+02
1.424280395507812500e+02 2.737328491210937500e+02
1.825749206542968750e+02 1.297425384521484375e+02
2.604475097656250000e+02 1.204171066284179688e+02
9.450270843505859375e+01 1.570433349609375000e+02
2.174311981201171875e+02 1.352798004150390625e+02
7.052139282226562500e+01 1.581088714599609375e+02
4.687300720214843750e+02 1.128054122924804688e+02
1.517770538330078125e+02 2.697459411621093750e+02
4.103517532348632812e+01 1.529602050781250000e+02
5.766898803710937500e+02 5.275951385498046875e+01
2.238683471679687500e+02 1.332102050781250000e+02
2.270346374511718750e+02 1.323766174316406250e+02
8.724682617187500000e+01 1.567971343994140625e+02
1.563406829833984375e+02 2.658870849609375000e+02
1.519009399414062500e+02 2.699499511718750000e+02
9.513053131103515625e+01 1.511577911376953125e+02
1.276528453826904297e+01 1.891017761230468750e+02
4.527100753784179688e+01 1.502778930664062500e+02
2.613555908203125000e+02 1.212100296020507812e+02
5.629910278320312500e+02 3.279792785644531250e+01
4.028461914062500000e+02 4.150768432617187500e+02
2.866192016601562500e+02 1.537972106933593750e+02
1.540794372558593750e+02 2.690348815917968750e+02
1.577252807617187500e+02 2.705364685058593750e+02
2.694207763671875000e+02 3.230389099121093750e+02
1.347144165039062500e+02 1.698227691650390625e+02
3.407755126953125000e+02 9.418659973144531250e+01
3.878846130371093750e+02 4.313419799804687500e+02
1.598548736572265625e+02 1.263411407470703125e+02
5.733246459960937500e+02 3.179261016845703125e+01
5.597055664062500000e+02 9.242085456848144531e+00
6.256138992309570312e+01 1.523463134765625000e+02
2.673878479003906250e+02 1.192755203247070312e+02
4.360971069335937500e+02 2.010437316894531250e+02
4.434658813476562500e+02 1.214789199829101562e+02
5.584387817382812500e+02 3.671620941162109375e+01
5.518302001953125000e+02 3.382616806030273438e+01
4.354656677246093750e+02 1.236301422119140625e+02
4.275904846191406250e+02 1.228776168823242188e+02
5.133771972656250000e+02 1.190646514892578125e+02
3.020909423828125000e+02 1.619991760253906250e+02
1.448368530273437500e+02 2.698541870117187500e+02
3.017966918945312500e+02 1.597798614501953125e+02
5.101452941894531250e+02 1.170109024047851562e+02
3.368835144042968750e+02 9.735755920410156250e+01
2.454179840087890625e+02 1.256360015869140625e+02
1.468961639404296875e+02 2.704166870117187500e+02
1.441214141845703125e+02 1.704432983398437500e+02
3.837295532226562500e+02 8.220972442626953125e+01
3.042790527343750000e+02 1.574256439208984375e+02
4.184084167480468750e+02 6.153530502319335938e+01
2.215161743164062500e+02 1.419310150146484375e+02
5.488889770507812500e+02 3.685511779785156250e+01
4.182240905761718750e+02 1.248618087768554688e+02
5.510939941406250000e+02 5.701049804687500000e+01
5.806651611328125000e+02 4.913370132446289062e+01
5.136503906250000000e+02 7.587187957763671875e+01
9.539370727539062500e+01 1.565479431152343750e+02
5.616858520507812500e+02 4.364561843872070312e+01
3.501735839843750000e+02 4.009331665039062500e+02
1.788317489624023438e+01 1.500823822021484375e+02
6.015777587890625000e+02 3.960588073730468750e+01
5.363084106445312500e+02 1.803167915344238281e+01
3.111075744628906250e+02 1.511635742187500000e+02
5.694510498046875000e+02 3.185387802124023438e+01
1.798563079833984375e+02 2.552060852050781250e+02
8.338706207275390625e+01 1.568365783691406250e+02
2.788283538818359375e+01 1.511707153320312500e+02
5.434322509765625000e+02 6.161450576782226562e+01
4.681331787109375000e+02 9.914049530029296875e+01
1.500413513183593750e+02 1.098093566894531250e+02
2.954862670898437500e+02 1.517013854980468750e+02
1.046746063232421875e+02 1.281086273193359375e+02
2.214205169677734375e+02 1.336001434326171875e+02
3.936735229492187500e+02 7.923056793212890625e+01
1.285432739257812500e+02 9.580152893066406250e+01
3.726161193847656250e+01 1.457882995605468750e+02
6.533793334960937500e+02 4.505675125122070312e+01
3.563029479980468750e+02 1.387099609375000000e+02
5.596844482421875000e+02 3.731842041015625000e+01
5.137877197265625000e+02 1.192205276489257812e+02
3.511261901855468750e+02 5.581704711914062500e+01
3.937121887207031250e+02 1.307428131103515625e+02
3.501735839843750000e+02 4.009331665039062500e+02
5.801132202148437500e+02 3.525740814208984375e+01
5.360930175781250000e+02 4.777384948730468750e+01
1.678809661865234375e+02 2.558803710937500000e+02
1.402999420166015625e+02 1.688080902099609375e+02
5.691488037109375000e+02 3.405601119995117188e+01
1.024694442749023438e+02 1.609905090332031250e+02
1.093629074096679688e+02 1.114177246093750000e+02
3.604512023925781250e+02 5.881919097900390625e+01
4.338636779785156250e+02 1.281199188232421875e+02
3.080855102539062500e+02 8.845817565917968750e+01
5.482948608398437500e+02 3.829248428344726562e+01
3.985111694335937500e+02 7.320291137695312500e+01
5.667013549804687500e+02 4.406697082519531250e+01
9.262365722656250000e+01 1.602332458496093750e+02
4.487555847167968750e+02 1.207465896606445312e+02
8.869731140136718750e+01 1.508835449218750000e+02
2.498472747802734375e+02 1.410745697021484375e+02
3.330840148925781250e+02 1.527585144042968750e+02
5.690880737304687500e+02 3.623969268798828125e+01
4.445857543945312500e+02 1.217332611083984375e+02
5.109408264160156250e+02 8.765956115722656250e+01
3.032687072753906250e+02 1.621720733642578125e+02
4.567226867675781250e+02 5.826012039184570312e+01
5.018344726562500000e+02 1.532337341308593750e+02
5.796320800781250000e+02 3.305581283569335938e+01
2.853507995605468750e+02 1.533104248046875000e+02
1.115475158691406250e+02 9.750436401367187500e+01
9.576599121093750000e+01 1.577403106689453125e+02
1.390399780273437500e+02 1.029476699829101562e+02
3.876014709472656250e+02 1.381625518798828125e+02
5.150817260742187500e+02 4.990655136108398438e+01
2.059984741210937500e+02 1.733470306396484375e+02
5.409639892578125000e+02 5.535921096801757812e+01
4.742280578613281250e+02 9.554546356201171875e+01
4.640197143554687500e+02 1.138430557250976562e+02
1.757764739990234375e+02 1.562312774658203125e+02
7.284577178955078125e+01 1.559482727050781250e+02
5.599763793945312500e+02 3.506471633911132812e+01
2.099864807128906250e+02 1.697655334472656250e+02
4.280345153808593750e+02 1.252349624633789062e+02
1.513793792724609375e+02 2.625057983398437500e+02
3.580751037597656250e+02 1.355515594482421875e+02
5.482948608398437500e+02 3.829248428344726562e+01
3.828746032714843750e+01 1.333459625244140625e+02
5.267156982421875000e+02 3.802302551269531250e+01
2.224882507324218750e+01 1.438580932617187500e+02
3.052938537597656250e+02 1.579410552978515625e+02
1.902572021484375000e+02 2.502132873535156250e+02
1.426682281494140625e+02 2.006864166259765625e+02
3.151959533691406250e+02 1.457433929443359375e+02
5.121271362304687500e+02 5.828667831420898438e+01
3.541188354492187500e+02 6.026389312744140625e+01
1.222962570190429688e+02 1.129272689819335938e+02
3.321640625000000000e+02 1.510232543945312500e+02
1.764041290283203125e+02 2.545052337646484375e+02
5.801132202148437500e+02 3.525740814208984375e+01
4.279526062011718750e+02 8.385427856445312500e+01
1.142478179931640625e+02 1.157793807983398438e+02
4.633471374511718750e+02 1.133596038818359375e+02
7.923059844970703125e+01 1.570039215087890625e+02
1.033607254028320312e+02 1.433563690185546875e+02
1.778937683105468750e+02 2.463103485107421875e+02
5.503872070312500000e+02 4.353692245483398438e+01
1.378632202148437500e+02 1.618123168945312500e+02
3.617808837890625000e+02 1.383820648193359375e+02
1.890101776123046875e+02 2.529088745117187500e+02
4.407945251464843750e+01 1.431984252929687500e+02
3.162669372558593750e+02 1.634756317138671875e+02
6.541204223632812500e+02 3.962353134155273438e+01
1.397590942382812500e+02 1.673783569335937500e+02
1.455614624023437500e+02 1.672946472167968750e+02
2.821332397460937500e+02 1.548504791259765625e+02
2.042748565673828125e+02 1.969448852539062500e+02
3.301809387207031250e+02 1.489528961181640625e+02
3.887811279296875000e+02 3.741010437011718750e+02
3.501192321777343750e+02 5.538238906860351562e+01
3.824186096191406250e+02 9.932101440429687500e+01
2.483445892333984375e+02 1.955041046142578125e+02
5.082892761230468750e+02 5.713600158691406250e+01
2.559064025878906250e+02 1.769170379638671875e+02
3.522765808105468750e+02 1.378906402587890625e+02
1.224932403564453125e+02 1.065422821044921875e+02
2.090577392578125000e+02 2.082247161865234375e+02
9.020664215087890625e+01 1.579712982177734375e+02
1.289333648681640625e+02 1.376934509277343750e+02
3.819033508300781250e+02 1.358120269775390625e+02
4.477996215820312500e+02 1.151734619140625000e+02
1.733153839111328125e+02 2.470022430419921875e+02
4.360978088378906250e+02 1.273933944702148438e+02
4.724567565917968750e+02 1.172107543945312500e+02
1.904841613769531250e+02 2.500075073242187500e+02
3.706469726562500000e+02 1.356819305419921875e+02
2.437830810546875000e+02 1.702912750244140625e+02
1.780270538330078125e+02 2.501502838134765625e+02
1.691339721679687500e+02 2.465539398193359375e+02
5.506071166992187500e+02 3.830559158325195312e+01
1.321945800781250000e+02 1.078372802734375000e+02
5.360930175781250000e+02 4.777384948730468750e+01
4.933784790039062500e+02 1.203137893676757812e+02
1.837769165039062500e+02 2.387371063232421875e+02
4.815468750000000000e+02 1.100679397583007812e+02
6.071982421875000000e+02 4.613702774047851562e+01
3.624867858886718750e+02 5.281163024902343750e+01
2.954606323242187500e+02 1.547850189208984375e+02
4.175819396972656250e+02 1.312803802490234375e+02
2.366003265380859375e+02 1.636512298583984375e+02
3.254146118164062500e+02 1.503385009765625000e+02
2.708110046386718750e+02 1.577998962402343750e+02
4.457050781250000000e+02 1.253540496826171875e+02
1.208604583740234375e+02 1.126660079956054688e+02
3.268546447753906250e+02 1.511853790283203125e+02
1.617565002441406250e+02 2.829626464843750000e+02
9.289315795898437500e+01 1.150470352172851562e+02
6.067753295898437500e+02 4.699243927001953125e+01
7.126944732666015625e+01 1.435674591064453125e+02
5.765541381835937500e+02 5.272628021240234375e+01
6.737657470703125000e+02 3.886711883544921875e+01
4.997641601562500000e+02 1.246023406982421875e+02
3.649541015625000000e+02 8.827905273437500000e+01
3.135831298828125000e+02 1.579503173828125000e+02
1.295989990234375000e+02 9.571983337402343750e+01
8.712977600097656250e+01 1.127271881103515625e+02
4.579523925781250000e+02 8.202036285400390625e+01
2.918252868652343750e+02 1.517459716796875000e+02
1.422828826904296875e+02 1.603625946044921875e+02
2.466148986816406250e+02 2.000748901367187500e+02
3.471337280273437500e+02 1.377448883056640625e+02
3.876713256835937500e+02 1.378543548583984375e+02
1.658565063476562500e+02 1.597544097900390625e+02
2.539743957519531250e+02 1.641038360595703125e+02
4.213933410644531250e+02 6.838029479980468750e+01
4.972973937988281250e+02 1.359221801757812500e+02
1.670833282470703125e+02 2.112732238769531250e+02
4.639500732421875000e+02 1.723557891845703125e+02
3.768574905395507812e+01 1.416960144042968750e+02
2.362233428955078125e+02 1.648724517822265625e+02
3.604006958007812500e+02 5.675262069702148438e+01
4.569933166503906250e+02 4.118446044921875000e+02
3.558441162109375000e+02 1.410261230468750000e+02
3.031222534179687500e+02 8.867462158203125000e+01
4.301243896484375000e+02 1.233468170166015625e+02
4.580216674804687500e+02 8.493431091308593750e+01
1.087520523071289062e+02 1.670765380859375000e+02
2.633247070312500000e+02 3.199957580566406250e+02
7.567070770263671875e+01 2.277563476562500000e+02
5.989106445312500000e+02 4.801615142822265625e+01
2.437448883056640625e+01 1.489991149902343750e+02
5.175297851562500000e+02 5.615179061889648438e+01
2.636594848632812500e+02 4.194981994628906250e+02
3.635817565917968750e+02 1.354103546142578125e+02
1.314959106445312500e+02 1.362139129638671875e+02
3.187747192382812500e+02 1.679427947998046875e+02
4.434165954589843750e+02 1.268225631713867188e+02
2.245510673522949219e+01 2.068089752197265625e+02
2.917451477050781250e+02 1.903225250244140625e+02
8.662652587890625000e+01 1.518215789794921875e+02
3.777163696289062500e+02 1.390598297119140625e+02
2.051161346435546875e+02 1.718258209228515625e+02
1.202706680297851562e+02 1.109936599731445312e+02
1.518144683837890625e+02 1.574381561279296875e+02
3.410012817382812500e+02 1.641836700439453125e+02
1.464779052734375000e+02 1.120028533935546875e+02
3.732086486816406250e+02 1.443499755859375000e+02
1.511627349853515625e+02 1.668302307128906250e+02
1.568966217041015625e+02 1.290334320068359375e+02
3.472954101562500000e+02 3.401299438476562500e+02
1.588797302246093750e+02 1.651103668212890625e+02
1.388428955078125000e+02 1.891400451660156250e+02
3.166272583007812500e+02 1.597284240722656250e+02
1.414263763427734375e+02 1.994636230468750000e+02
3.806468200683593750e+02 1.338968658447265625e+02
1.491602630615234375e+02 2.678677062988281250e+02
4.579523925781250000e+02 8.202036285400390625e+01
1.707631225585937500e+02 2.481469421386718750e+02
5.576852416992187500e+02 5.857806396484375000e+01
1.315087738037109375e+02 1.885109558105468750e+02
3.947337646484375000e+02 2.018693389892578125e+02
1.735248107910156250e+02 1.805555877685546875e+02
5.986770629882812500e+02 4.714656066894531250e+01
2.418765563964843750e+02 1.755741882324218750e+02
8.514315795898437500e+01 1.161860809326171875e+02
1.752733154296875000e+02 2.441741180419921875e+02
5.807020874023437500e+02 5.005879592895507812e+01
4.384571228027343750e+02 1.278153839111328125e+02
4.498593139648437500e+01 1.325270843505859375e+02
3.274340515136718750e+02 1.489561920166015625e+02
5.561862182617187500e+02 5.134013366699218750e+01
3.587727966308593750e+02 6.236317443847656250e+01
1.766687316894531250e+02 2.012574920654296875e+02
3.299558410644531250e+02 1.520286560058593750e+02
4.966850280761718750e+02 1.579230804443359375e+02
1.698284149169921875e+02 2.098691406250000000e+02
9.424173736572265625e+01 1.137881088256835938e+02
1.231076278686523438e+02 1.099833145141601562e+02
6.597817993164062500e+02 4.246712112426757812e+01
3.719415588378906250e+02 1.923410797119140625e+02
3.831641235351562500e+02 1.391764526367187500e+02
5.081201171875000000e+02 5.681857681274414062e+01
4.119081115722656250e+02 1.338996734619140625e+02
4.798414611816406250e+02 1.124767074584960938e+02
4.656284484863281250e+02 9.411222839355468750e+01
1.257766571044921875e+02 1.117689132690429688e+02
2.418534545898437500e+02 1.714970550537109375e+02
3.176921386718750000e+02 1.651211242675781250e+02
2.407624816894531250e+02 2.257904968261718750e+02
9.496547698974609375e+01 1.285304107666015625e+02
1.410043182373046875e+02 9.710192871093750000e+01
3.744442443847656250e+02 8.525682830810546875e+01
3.346325073242187500e+02 1.541432952880859375e+02
3.589215087890625000e+02 1.902116851806640625e+02
4.300849533081054688e+01 1.459766998291015625e+02
1.436803283691406250e+02 1.894708862304687500e+02
4.318836364746093750e+02 1.344361267089843750e+02
4.297152709960937500e+02 1.338906707763671875e+02
1.899020004272460938e+01 1.468707122802734375e+02
5.576852416992187500e+02 5.857806396484375000e+01
3.224978027343750000e+02 1.556547241210937500e+02
5.280233764648437500e+02 4.431874465942382812e+01
1.410043182373046875e+02 9.710192871093750000e+01
1.363871459960937500e+02 1.321424255371093750e+02
3.118628234863281250e+02 1.633529205322265625e+02
1.815816802978515625e+02 2.397919158935546875e+02
1.017938842773437500e+02 1.328518981933593750e+02
2.946354675292968750e+02 1.575006408691406250e+02
9.472711944580078125e+01 1.536080780029296875e+02
3.517684326171875000e+02 3.518568115234375000e+02
5.445996704101562500e+02 1.600119018554687500e+02
6.236757202148437500e+02 4.380887985229492188e+01
1.251914672851562500e+02 1.100513000488281250e+02
3.759157943725585938e+01 1.419595184326171875e+02
1.766650085449218750e+02 2.418479309082031250e+02
4.251075134277343750e+02 6.633188629150390625e+01
2.548513488769531250e+02 1.664149627685546875e+02
4.326259765625000000e+02 3.927454528808593750e+02
3.511471557617187500e+02 1.354166107177734375e+02
1.324078369140625000e+02 1.361835632324218750e+02
3.208652343750000000e+02 1.467663269042968750e+02
3.155831604003906250e+02 1.602525329589843750e+02
4.869402465820312500e+02 1.060199813842773438e+02
3.519413757324218750e+02 3.487566223144531250e+02
1.750777893066406250e+02 2.011125946044921875e+02
7.267713928222656250e+01 1.499974975585937500e+02
3.180207519531250000e+02 1.600826568603515625e+02
4.623049926757812500e+02 8.593628692626953125e+01
4.970900878906250000e+02 1.643397064208984375e+02
1.648656921386718750e+02 2.519447479248046875e+02
3.138856201171875000e+02 3.731378173828125000e+02
3.128899841308593750e+02 1.483808441162109375e+02
3.203363037109375000e+02 4.399697265625000000e+02
3.192031250000000000e+02 1.467154388427734375e+02
1.911689300537109375e+02 2.516926116943359375e+02
3.590849609375000000e+02 1.785859069824218750e+02
2.084228706359863281e+01 2.140337066650390625e+02
3.117486267089843750e+02 1.400122528076171875e+02
3.535108947753906250e+02 8.999359893798828125e+01
4.031607055664062500e+02 1.222766799926757812e+02
1.387719917297363281e+01 1.407628936767578125e+02
5.987332153320312500e+02 4.680538177490234375e+01
2.550902252197265625e+02 3.155766906738281250e+02
4.026776733398437500e+02 2.052619018554687500e+02
2.029011535644531250e+02 1.714810028076171875e+02
6.638043823242187500e+02 3.937470245361328125e+01
5.541983032226562500e+02 5.178826904296875000e+01
4.260436401367187500e+02 1.293344268798828125e+02
1.206548004150390625e+02 1.088212509155273438e+02
3.197213134765625000e+02 1.656814575195312500e+02
2.417951354980468750e+02 2.021280212402343750e+02
1.895778961181640625e+02 1.523223419189453125e+02
2.478362121582031250e+02 2.024208526611328125e+02
3.177992858886718750e+02 1.853584594726562500e+02
4.582210998535156250e+02 1.278654479980468750e+02
1.399460601806640625e+02 1.257400360107421875e+02
3.259030761718750000e+02 1.624628906250000000e+02
9.211460876464843750e+01 2.158486022949218750e+02
2.224673004150390625e+02 2.267350158691406250e+02
4.532717895507812500e+02 1.247963485717773438e+02
1.740066528320312500e+02 1.828056335449218750e+02
2.668118286132812500e+02 1.612007598876953125e+02
6.155168457031250000e+02 4.483727645874023438e+01
1.451735992431640625e+02 1.119242630004882812e+02
4.227843856811523438e+01 1.400581054687500000e+02
1.377317199707031250e+02 1.231872100830078125e+02
1.522047424316406250e+02 2.629539794921875000e+02
2.657434997558593750e+02 2.020718383789062500e+02
2.607121086120605469e+01 2.086871490478515625e+02
2.418534545898437500e+02 1.714970550537109375e+02
3.224032897949218750e+02 3.402774047851562500e+02
2.656190795898437500e+02 2.047278289794921875e+02
3.907384948730468750e+02 1.376877593994140625e+02
2.780533447265625000e+02 1.871400604248046875e+02
1.626578826904296875e+02 1.625197448730468750e+02
8.597958374023437500e+01 1.122534408569335938e+02
1.240290832519531250e+02 2.117820129394531250e+02
1.545299682617187500e+02 1.175631027221679688e+02
6.610560607910156250e+01 2.136727142333984375e+02
3.746489257812500000e+02 1.639855499267578125e+02
1.438805999755859375e+02 1.301852722167968750e+02
1.778814544677734375e+02 1.982609252929687500e+02
4.407655334472656250e+02 1.198770523071289062e+02
3.797811889648437500e+02 1.347223052978515625e+02
1.674062957763671875e+02 2.474086151123046875e+02
1.976201477050781250e+02 2.489797210693359375e+02
2.511276702880859375e+02 1.678955383300781250e+02
5.451145019531250000e+02 5.281190872192382812e+01
8.387270355224609375e+01 1.179028320312500000e+02
7.994706726074218750e+01 1.293182220458984375e+02
4.040405273437500000e+01 1.329498596191406250e+02
5.819339370727539062e+01 1.471120605468750000e+02
2.202876434326171875e+02 2.141983489990234375e+02
3.950721435546875000e+02 1.310290222167968750e+02
1.092843322753906250e+02 2.244749603271484375e+02
4.934478759765625000e+02 5.054855346679687500e+01
1.387719917297363281e+01 1.407628936767578125e+02
8.292890167236328125e+01 1.146013031005859375e+02
1.007193679809570312e+02 1.380036315917968750e+02
1.415473175048828125e+02 1.252445297241210938e+02
1.699083404541015625e+02 2.429549713134765625e+02
1.847379760742187500e+02 1.811713256835937500e+02
1.417519836425781250e+02 1.269505157470703125e+02
4.346131896972656250e+02 1.739450988769531250e+02
1.718786621093750000e+02 2.487644348144531250e+02
5.022903442382812500e+02 1.226002426147460938e+02
3.882943115234375000e+02 1.338256683349609375e+02
8.766316223144531250e+01 2.230063171386718750e+02
4.053298645019531250e+02 1.363941040039062500e+02
3.783766937255859375e+01 1.255083618164062500e+02
2.099622039794921875e+02 2.282158813476562500e+02
2.598073425292968750e+02 1.954733886718750000e+02
2.603764038085937500e+02 1.656174621582031250e+02
1.346987609863281250e+02 1.853303527832031250e+02
4.520627441406250000e+02 1.239090576171875000e+02
4.686321411132812500e+02 1.115751190185546875e+02
2.572467041015625000e+02 1.596416625976562500e+02
1.285809631347656250e+02 1.357762908935546875e+02
1.360687255859375000e+02 1.310191040039062500e+02
4.073062744140625000e+02 1.348182830810546875e+02
1.873703613281250000e+02 2.421502075195312500e+02
7.994706726074218750e+01 1.293182220458984375e+02
3.340920410156250000e+02 1.681285705566406250e+02
2.699307861328125000e+02 2.040564575195312500e+02
1.936248168945312500e+02 2.533338317871093750e+02
2.285545539855957031e+01 1.440292205810546875e+02
1.235429229736328125e+02 1.036437454223632812e+02
5.903413085937500000e+02 4.821345520019531250e+01
1.797957153320312500e+02 2.420707397460937500e+02
1.342165832519531250e+02 1.131765441894531250e+02
3.319767456054687500e+02 1.554315795898437500e+02
5.630718383789062500e+02 5.069664764404296875e+01
2.110970458984375000e+02 1.776114501953125000e+02
2.732204589843750000e+02 2.037453765869140625e+02
1.624316558837890625e+02 1.645565795898437500e+02
4.674696044921875000e+02 8.555040740966796875e+01
5.720506591796875000e+02 4.978681564331054688e+01
2.719991455078125000e+02 1.604554595947265625e+02
3.328078308105468750e+02 1.666637115478515625e+02
1.158956375122070312e+02 2.257247467041015625e+02
2.511276702880859375e+02 1.678955383300781250e+02
1.527963714599609375e+02 2.286201019287109375e+02
1.507565155029296875e+02 1.552741394042968750e+02
1.082691421508789062e+02 3.619849853515625000e+02
3.226395874023437500e+02 1.665383911132812500e+02
1.295172882080078125e+02 1.403401184082031250e+02
1.527906188964843750e+02 1.498543701171875000e+02
2.514039154052734375e+02 1.698057556152343750e+02
4.952545471191406250e+02 1.221996917724609375e+02
1.618577423095703125e+02 2.497422637939453125e+02
5.053611755371093750e+02 5.558692932128906250e+01
8.756306457519531250e+01 1.182633132934570312e+02
1.652935333251953125e+02 1.798333435058593750e+02
3.337858581542968750e+02 1.681404418945312500e+02
1.483859252929687500e+02 1.641242065429687500e+02
3.921672973632812500e+02 1.368748168945312500e+02
4.752000122070312500e+02 1.085810241699218750e+02
2.087350921630859375e+02 1.748165435791015625e+02
3.137311401367187500e+02 1.393333740234375000e+02
6.225035095214843750e+01 1.455140228271484375e+02
2.662184143066406250e+02 9.108148956298828125e+01
3.225040283203125000e+02 1.622964477539062500e+02
4.262180175781250000e+02 1.520684967041015625e+02
2.479085998535156250e+02 1.966660308837890625e+02
1.360687255859375000e+02 1.310191040039062500e+02
4.531654663085937500e+02 1.282298736572265625e+02
7.383826446533203125e+01 2.302482452392578125e+02
1.401604309082031250e+02 1.209613189697265625e+02
1.319901885986328125e+02 9.627613067626953125e+01
3.485918884277343750e+02 5.929429626464843750e+01
4.131274414062500000e+02 1.230193099975585938e+02
2.039492950439453125e+02 1.733336639404296875e+02
4.273609313964843750e+02 1.664542999267578125e+02
1.276517333984375000e+02 1.654168243408203125e+02
7.687619781494140625e+01 2.056647949218750000e+02
3.367532348632812500e+01 1.404117126464843750e+02
3.356615600585937500e+02 3.760830383300781250e+02
4.338742370605468750e+02 1.278134689331054688e+02
1.388600616455078125e+02 1.270998992919921875e+02
1.415473175048828125e+02 1.252445297241210938e+02
4.058979797363281250e+01 1.419398498535156250e+02
1.522047424316406250e+02 2.629539794921875000e+02
3.831167221069335938e+01 1.380116729736328125e+02
3.769032897949218750e+02 1.431666870117187500e+02
3.747420654296875000e+02 1.366011047363281250e+02
3.127531433105468750e+02 1.368709411621093750e+02
6.610560607910156250e+01 2.136727142333984375e+02
4.636491088867187500e+02 1.799147796630859375e+02
3.078494262695312500e+02 3.372555847167968750e+02
1.792645111083984375e+02 1.772388305664062500e+02
3.375018005371093750e+02 1.905368499755859375e+02
5.506504516601562500e+02 5.693534469604492188e+01
2.222374572753906250e+02 2.152928924560546875e+02
3.113866882324218750e+02 4.520168457031250000e+02
2.571630249023437500e+02 1.607714691162109375e+02
2.487472991943359375e+02 1.672848052978515625e+02
3.264274291992187500e+02 1.539877929687500000e+02
8.620877838134765625e+01 1.101543426513671875e+02
1.030964508056640625e+02 1.351477050781250000e+02
7.164831542968750000e+01 1.359944000244140625e+02
3.242047424316406250e+02 1.912575836181640625e+02
1.178830642700195312e+02 2.284983673095703125e+02
1.538111114501953125e+02 1.469094238281250000e+02
4.358622741699218750e+02 1.289042968750000000e+02
4.508501586914062500e+02 1.284914550781250000e+02
2.556088409423828125e+02 1.970896148681640625e+02
2.588279418945312500e+02 1.649326324462890625e+02
1.353569793701171875e+02 1.340915679931640625e+02
2.609240417480468750e+02 1.619653320312500000e+02
1.285367279052734375e+02 1.707532043457031250e+02
