3.158754272460937500e+02 1.798172149658203125e+02
1.782408905029296875e+02 1.855024719238281250e+02
2.881457214355468750e+02 1.877948303222656250e+02
3.171824951171875000e+02 1.812025451660156250e+02
3.158754272460937500e+02 1.798172149658203125e+02
1.716379699707031250e+02 1.863728179931640625e+02
1.755852050781250000e+02 1.883102111816406250e+02
2.043178558349609375e+02 3.377191467285156250e+02
1.928897247314453125e+02 1.918347015380859375e+02
3.171824951171875000e+02 1.812025451660156250e+02
1.137683334350585938e+02 2.209070129394531250e+02
2.734926757812500000e+02 1.954122924804687500e+02
7.598677825927734375e+01 2.219534912109375000e+02
5.358314819335937500e+02 1.698268585205078125e+02
2.122658538818359375e+02 3.335567932128906250e+02
5.928589248657226562e+01 2.187019195556640625e+02
6.405655517578125000e+02 1.131393432617187500e+02
2.842939147949218750e+02 1.922896575927734375e+02
2.842939147949218750e+02 1.922896575927734375e+02
1.021582107543945312e+02 2.206182403564453125e+02
2.159314422607421875e+02 3.298359375000000000e+02
2.141738739013671875e+02 3.329641723632812500e+02
1.102834167480468750e+02 2.153163604736328125e+02
3.449034118652343750e+01 2.610308837890625000e+02
6.615803527832031250e+01 2.163274841308593750e+02
3.190763854980468750e+02 1.824207916259765625e+02
5.896763305664062500e+02 9.987193298339843750e+01
4.371026306152343750e+02 4.272031860351562500e+02
3.335997924804687500e+02 2.127948455810546875e+02
2.159175872802734375e+02 3.320981140136718750e+02
2.174944458007812500e+02 3.345614013671875000e+02
3.211270751953125000e+02 3.660897216796875000e+02
1.646948089599609375e+02 2.317998962402343750e+02
4.158102111816406250e+02 1.528014373779296875e+02
3.619783020019531250e+02 4.220439147949218750e+02
1.685641326904296875e+02 1.886912689208984375e+02
5.896763305664062500e+02 9.987193298339843750e+01
5.397096557617187500e+02 8.623726654052734375e+01
6.615803527832031250e+01 2.163274841308593750e+02
3.226054077148437500e+02 1.814403686523437500e+02
5.253574218750000000e+02 2.529990844726562500e+02
5.085139770507812500e+02 1.778835296630859375e+02
6.308556518554687500e+02 9.685418701171875000e+01
5.896763305664062500e+02 9.987193298339843750e+01
4.972337036132812500e+02 1.808318481445312500e+02
4.909376220703125000e+02 1.797787170410156250e+02
5.874855957031250000e+02 1.753490753173828125e+02
3.511930236816406250e+02 2.222069091796875000e+02
2.058795623779296875e+02 3.339647216796875000e+02
3.508815917968750000e+02 2.198408355712890625e+02
5.821566162109375000e+02 1.726421661376953125e+02
4.193096923828125000e+02 1.542397003173828125e+02
2.982577514648437500e+02 1.875864410400390625e+02
2.088777618408203125e+02 3.339725646972656250e+02
1.720538330078125000e+02 2.325400695800781250e+02
4.652689514160156250e+02 1.412851867675781250e+02
3.532936401367187500e+02 2.174123992919921875e+02
5.109866638183593750e+02 1.182148971557617188e+02
2.957775878906250000e+02 2.012414703369140625e+02
6.308556518554687500e+02 9.685418701171875000e+01
4.802195129394531250e+02 1.818052673339843750e+02
6.194415283203125000e+02 1.166909866333007812e+02
6.004019165039062500e+02 1.161291046142578125e+02
5.834421386718750000e+02 1.340375976562500000e+02
1.116921234130859375e+02 2.205365295410156250e+02
6.054686279296875000e+02 1.073188858032226562e+02
2.820280456542968750e+02 3.883252563476562500e+02
6.606934356689453125e+01 2.190519561767578125e+02
5.980698242187500000e+02 1.100657806396484375e+02
5.180853271484375000e+02 9.401666259765625000e+01
3.619354553222656250e+02 2.090227203369140625e+02
6.014404907226562500e+02 9.784390258789062500e+01
2.397952270507812500e+02 3.170711975097656250e+02
1.056027450561523438e+02 2.219759521484375000e+02
5.461971664428710938e+01 2.181296997070312500e+02
6.059611816406250000e+02 1.245795822143554688e+02
5.437847900390625000e+02 1.562846221923828125e+02
1.563682250976562500e+02 1.728019409179687500e+02
3.429694519042968750e+02 2.107761840820312500e+02
1.106673583984375000e+02 1.919796142578125000e+02
2.742381896972656250e+02 1.945114440917968750e+02
4.892024841308593750e+02 1.347649536132812500e+02
1.388773651123046875e+02 1.583654479980468750e+02
5.578487396240234375e+01 2.118423767089843750e+02
6.194415283203125000e+02 1.166909866333007812e+02
4.123687133789062500e+02 1.967808685302734375e+02
5.948784179687500000e+02 1.032534484863281250e+02
5.878794555664062500e+02 1.750556488037109375e+02
3.851845092773437500e+02 1.178277435302734375e+02
4.582467651367187500e+02 1.868975067138671875e+02
2.820280456542968750e+02 3.883252563476562500e+02
5.948784179687500000e+02 1.032534484863281250e+02
6.037614135742187500e+02 1.098147888183593750e+02
2.281208496093750000e+02 3.180089111328125000e+02
1.689641418457031250e+02 2.308511199951171875e+02
5.947108764648437500e+02 1.010376892089843750e+02
1.184189453125000000e+02 2.250151214599609375e+02
1.196800537109375000e+02 1.755690612792968750e+02
3.941158142089843750e+02 1.208454971313476562e+02
4.995053405761718750e+02 1.841385955810546875e+02
3.109367675781250000e+02 1.523217926025390625e+02
5.948784179687500000e+02 1.032534484863281250e+02
4.831074523925781250e+02 1.321986083984375000e+02
6.098656005859375000e+02 1.081378250122070312e+02
1.103831176757812500e+02 2.241227722167968750e+02
5.155529174804687500e+02 1.766433410644531250e+02
1.001445007324218750e+02 2.149790496826171875e+02
2.957775878906250000e+02 2.012414703369140625e+02
3.867112426757812500e+02 2.116605224609375000e+02
6.075833129882812500e+02 1.012526092529296875e+02
5.066120910644531250e+02 1.786361694335937500e+02
5.827828979492187500e+02 1.449929046630859375e+02
3.532680358886718750e+02 2.200153198242187500e+02
5.626458129882812500e+02 1.134336318969726562e+02
5.777774047851562500e+02 2.064715270996093750e+02
5.947108764648437500e+02 1.010376892089843750e+02
3.338980712890625000e+02 2.116381683349609375e+02
1.257456893920898438e+02 1.582783966064453125e+02
1.115319671630859375e+02 2.215431976318359375e+02
1.466887817382812500e+02 1.670951385498046875e+02
4.506841430664062500e+02 1.941128540039062500e+02
6.037614135742187500e+02 1.098147888183593750e+02
2.401725311279296875e+02 2.343563690185546875e+02
5.979637451171875000e+02 1.183287582397460938e+02
5.498672485351562500e+02 1.521548919677734375e+02
5.309515380859375000e+02 1.708102111816406250e+02
2.017794494628906250e+02 2.204503173828125000e+02
7.952796936035156250e+01 2.200729064941406250e+02
5.947108764648437500e+02 1.010376892089843750e+02
2.477538146972656250e+02 2.295737762451171875e+02
4.912621154785156250e+02 1.819468841552734375e+02
2.131341705322265625e+02 3.257936096191406250e+02
4.139765014648437500e+02 1.936098327636718750e+02
5.948784179687500000e+02 1.032534484863281250e+02
4.820236587524414062e+01 1.994149932861328125e+02
5.947108764648437500e+02 1.010376892089843750e+02
2.984563636779785156e+01 2.099012603759765625e+02
3.562165222167968750e+02 2.149338836669921875e+02
2.504763031005859375e+02 3.109017333984375000e+02
1.566159362792968750e+02 2.626992492675781250e+02
3.660527038574218750e+02 2.038627471923828125e+02
5.979637451171875000e+02 1.183287582397460938e+02
3.879929199218750000e+02 1.221149902343750000e+02
1.312460021972656250e+02 1.768115386962890625e+02
3.839252929687500000e+02 2.077824554443359375e+02
2.358652954101562500e+02 3.161985473632812500e+02
6.075833129882812500e+02 1.012526092529296875e+02
1.143811492919921875e+02 1.777492675781250000e+02
1.242373428344726562e+02 1.797260284423828125e+02
5.316976928710937500e+02 1.694888763427734375e+02
1.010971832275390625e+02 2.219376678466796875e+02
1.193645782470703125e+02 2.063859405517578125e+02
2.371323547363281250e+02 3.084833679199218750e+02
5.991746215820312500e+02 1.073984527587890625e+02
1.620466766357421875e+02 2.263696746826171875e+02
4.180876159667968750e+02 1.965783843994140625e+02
2.476868286132812500e+02 3.148681945800781250e+02
6.237461090087890625e+01 2.093237457275390625e+02
3.651525573730468750e+02 2.210906219482421875e+02
6.217523803710937500e+02 1.115853271484375000e+02
1.679205017089843750e+02 2.295341339111328125e+02
1.720538330078125000e+02 2.325400695800781250e+02
3.287411499023437500e+02 2.138023681640625000e+02
1.921156616210937500e+02 2.543162078857421875e+02
3.814098510742187500e+02 2.059920806884765625e+02
4.096712646484375000e+02 3.920354614257812500e+02
3.840299987792968750e+02 1.173827972412109375e+02
4.411533203125000000e+02 1.588578491210937500e+02
2.907090148925781250e+02 2.534946136474609375e+02
6.004019165039062500e+02 1.161291046142578125e+02
2.979089355468750000e+02 2.341897430419921875e+02
4.141814270019531250e+02 1.948949127197265625e+02
1.302904357910156250e+02 1.710526123046875000e+02
2.470391540527343750e+02 2.679978942871093750e+02
1.056027450561523438e+02 2.219759521484375000e+02
1.445859985351562500e+02 2.006347808837890625e+02
4.402927246093750000e+02 1.928641204833984375e+02
5.152992553710937500e+02 1.712385559082031250e+02
2.311949462890625000e+02 3.103590393066406250e+02
5.020857849121093750e+02 1.833823547363281250e+02
5.432985839843750000e+02 1.731668395996093750e+02
2.481715850830078125e+02 3.118286132812500000e+02
4.285860595703125000e+02 1.935960845947265625e+02
2.857689208984375000e+02 2.293530426025390625e+02
2.375522155761718750e+02 3.120827941894531250e+02
2.280812988281250000e+02 3.098057250976562500e+02
6.075833129882812500e+02 1.012526092529296875e+02
1.411361236572265625e+02 1.718107299804687500e+02
5.980698242187500000e+02 1.100657806396484375e+02
5.664727783203125000e+02 1.766356048583984375e+02
2.448503112792968750e+02 2.998096618652343750e+02
5.545622558593750000e+02 1.655796508789062500e+02
6.004019165039062500e+02 1.161291046142578125e+02
3.972935485839843750e+02 1.158449783325195312e+02
3.439423828125000000e+02 2.142229614257812500e+02
4.819770507812500000e+02 1.874290008544921875e+02
2.765563354492187500e+02 2.236594238281250000e+02
3.778449401855468750e+02 2.081857299804687500e+02
3.152987670898437500e+02 2.168467407226562500e+02
5.118198852539062500e+02 1.813282623291015625e+02
1.297425079345703125e+02 1.768612213134765625e+02
3.785186462402343750e+02 2.086649627685546875e+02
2.228399353027343750e+02 3.462534484863281250e+02
1.042664947509765625e+02 1.800004272460937500e+02
6.115670776367187500e+02 1.149173889160156250e+02
8.487532806396484375e+01 2.071528472900390625e+02
6.043402099609375000e+02 1.184589767456054688e+02
6.115670776367187500e+02 1.149173889160156250e+02
5.738537597656250000e+02 1.799283752441406250e+02
4.444091491699218750e+02 1.472165679931640625e+02
3.617180480957031250e+02 2.175493469238281250e+02
1.400982513427734375e+02 1.597193756103515625e+02
9.910445404052734375e+01 1.776727905273437500e+02
5.378960571289062500e+02 1.419589996337890625e+02
3.423067626953125000e+02 2.095371704101562500e+02
1.678869323730468750e+02 2.240662689208984375e+02
2.897150573730468750e+02 2.589353332519531250e+02
4.038250122070312500e+02 1.956529846191406250e+02
4.459038085937500000e+02 1.947938537597656250e+02
1.956914215087890625e+02 2.209436645507812500e+02
2.961162719726562500e+02 2.230627746582031250e+02
5.104107971191406250e+02 1.264149856567382812e+02
5.692737426757812500e+02 1.919953460693359375e+02
1.980849456787109375e+02 2.716011962890625000e+02
5.357608032226562500e+02 2.259024200439453125e+02
5.585805130004882812e+01 2.078159484863281250e+02
2.765589294433593750e+02 2.248934173583984375e+02
3.930026550292968750e+02 1.214056091308593750e+02
4.703400268554687500e+02 4.150836486816406250e+02
4.110063171386718750e+02 1.990746307373046875e+02
3.095787353515625000e+02 1.541822357177734375e+02
4.967971496582031250e+02 1.791228637695312500e+02
5.376365966796875000e+02 1.441987609863281250e+02
1.249849014282226562e+02 2.319036560058593750e+02
3.134247436523437500e+02 3.642553100585937500e+02
1.005133666992187500e+02 2.935291748046875000e+02
6.115670776367187500e+02 1.149173889160156250e+02
4.963464355468750000e+01 2.167362518310546875e+02
6.004019165039062500e+02 1.161291046142578125e+02
2.237687225341796875e+02 4.127239074707031250e+02
4.195015563964843750e+02 1.935127563476562500e+02
1.435287780761718750e+02 1.991724853515625000e+02
3.688244628906250000e+02 2.239204864501953125e+02
5.040589294433593750e+02 1.838216857910156250e+02
1.619312095642089844e+01 2.729088745117187500e+02
3.416831970214843750e+02 2.461748504638671875e+02
1.015538940429687500e+02 2.159399566650390625e+02
4.359659729003906250e+02 1.957508697509765625e+02
2.395660247802734375e+02 2.328490295410156250e+02
1.267524414062500000e+02 1.760951843261718750e+02
1.803417968750000000e+02 2.218287048339843750e+02
3.964108276367187500e+02 2.207289886474609375e+02
1.535741577148437500e+02 1.745598297119140625e+02
4.312005920410156250e+02 2.013115234375000000e+02
1.777668304443359375e+02 2.286748504638671875e+02
1.710055236816406250e+02 1.943200225830078125e+02
4.035895080566406250e+02 3.761615295410156250e+02
1.857693481445312500e+02 2.282005920410156250e+02
1.531504821777343750e+02 2.511717681884765625e+02
3.646277770996093750e+02 2.192326202392578125e+02
1.553339843750000000e+02 2.614463500976562500e+02
4.399627075195312500e+02 1.908544158935546875e+02
2.116091766357421875e+02 3.312202453613281250e+02
5.378960571289062500e+02 1.419589996337890625e+02
2.311949462890625000e+02 3.103590393066406250e+02
6.241267089843750000e+02 1.186031646728515625e+02
1.457150268554687500e+02 2.508439178466796875e+02
4.656370849609375000e+02 2.558517456054687500e+02
2.037086639404296875e+02 2.422971343994140625e+02
6.004019165039062500e+02 1.161291046142578125e+02
2.837219848632812500e+02 2.362273406982421875e+02
9.732557678222656250e+01 1.812104492187500000e+02
2.357849884033203125e+02 3.060343933105468750e+02
6.115670776367187500e+02 1.149173889160156250e+02
5.040589294433593750e+02 1.838216857910156250e+02
4.820236587524414062e+01 1.994149932861328125e+02
3.799223632812500000e+02 2.071960754394531250e+02
6.217523803710937500e+02 1.115853271484375000e+02
3.927792663574218750e+02 1.251222000122070312e+02
2.078221740722656250e+02 2.618354492187500000e+02
3.834937133789062500e+02 2.108260955810546875e+02
5.725302734375000000e+02 2.123878173828125000e+02
2.002581329345703125e+02 2.712162170410156250e+02
1.052091217041015625e+02 1.787998046875000000e+02
1.318756103515625000e+02 1.740219421386718750e+02
6.253704223632812500e+02 1.143048248291015625e+02
4.329522399902343750e+02 2.472962036132812500e+02
4.411287841796875000e+02 1.960046539306640625e+02
5.949956054687500000e+02 1.168353271484375000e+02
4.711026611328125000e+02 1.909013519287109375e+02
5.524739379882812500e+02 1.684758148193359375e+02
5.427737426757812500e+02 1.516837768554687500e+02
1.349853820800781250e+02 1.759042053222656250e+02
2.837759094238281250e+02 2.296695709228515625e+02
3.666914978027343750e+02 2.238799133300781250e+02
2.946055297851562500e+02 2.851514282226562500e+02
1.038849334716796875e+02 1.919709777832031250e+02
1.507337799072265625e+02 1.611155700683593750e+02
4.542162475585937500e+02 1.444414825439453125e+02
3.884532165527343750e+02 2.124536590576171875e+02
4.179486083984375000e+02 2.442387237548828125e+02
6.177879714965820312e+01 2.120065002441406250e+02
1.576650695800781250e+02 2.513026275634765625e+02
4.949666442871093750e+02 1.904574279785156250e+02
4.925736694335937500e+02 1.899453277587890625e+02
2.616397857666015625e+01 2.129003753662109375e+02
6.241267089843750000e+02 1.186031646728515625e+02
3.765172729492187500e+02 2.146277465820312500e+02
6.114036254882812500e+02 1.051273651123046875e+02
1.507337799072265625e+02 1.611155700683593750e+02
1.472870330810546875e+02 1.940951843261718750e+02
3.609001464843750000e+02 2.208884735107421875e+02
2.427883605957031250e+02 3.008934631347656250e+02
1.152762680053710938e+02 1.969053344726562500e+02
3.426808471679687500e+02 2.170166320800781250e+02
1.114869842529296875e+02 2.176336517333984375e+02
3.839356689453125000e+02 3.797838439941406250e+02
6.655120239257812500e+02 2.099201812744140625e+02
5.949956054687500000e+02 1.168353271484375000e+02
1.340952911376953125e+02 1.739386749267578125e+02
5.559684753417968750e+01 2.078750305175781250e+02
2.367314758300781250e+02 3.037865600585937500e+02
5.132457275390625000e+02 1.249813842773437500e+02
2.968536071777343750e+02 2.253310089111328125e+02
4.238753662109375000e+02 3.971629943847656250e+02
4.045049438476562500e+02 1.948047637939453125e+02
1.442928314208984375e+02 1.990456848144531250e+02
3.758108825683593750e+02 2.052204742431640625e+02
3.618978881835937500e+02 2.180904388427734375e+02
5.620111694335937500e+02 1.626176757812500000e+02
3.962335815429687500e+02 3.802848815917968750e+02
2.057777252197265625e+02 2.626698608398437500e+02
9.076564025878906250e+01 2.150421142578125000e+02
3.702393798828125000e+02 2.174889373779296875e+02
5.424726562500000000e+02 1.460499114990234375e+02
1.839118957519531250e+01 2.156326446533203125e+02
2.247813415527343750e+02 3.151039428710937500e+02
4.838216857910156250e+02 4.382047424316406250e+02
3.607940673828125000e+02 2.084286956787109375e+02
2.750692749023437500e+02 4.233444824218750000e+02
3.700192871093750000e+02 2.051402893066406250e+02
2.492075500488281250e+02 3.138142395019531250e+02
4.195295104980468750e+02 2.327333984375000000e+02
2.101913833618164062e+01 2.830419616699218750e+02
3.607109069824218750e+02 1.999440765380859375e+02
4.403286743164062500e+02 1.458604583740234375e+02
4.618154296875000000e+02 1.800223541259765625e+02
3.309965515136718750e+01 2.077295227050781250e+02
5.949956054687500000e+02 1.168353271484375000e+02
3.085605468750000000e+02 3.613608398437500000e+02
4.737800903320312500e+02 2.591930541992187500e+02
2.400707244873046875e+02 2.318475189208984375e+02
6.303349609375000000e+02 1.125988922119140625e+02
6.003176879882812500e+02 1.157811889648437500e+02
4.915891113281250000e+02 1.854160156250000000e+02
1.271419219970703125e+02 1.740277252197265625e+02
3.688244628906250000e+02 2.239204864501953125e+02
2.847378845214843750e+02 2.610012207031250000e+02
2.177752838134765625e+02 2.160392608642578125e+02
2.907654113769531250e+02 2.614138183593750000e+02
3.699312133789062500e+02 2.422937011718750000e+02
5.265183105468750000e+02 1.837695159912109375e+02
1.500947418212890625e+02 1.886609039306640625e+02
3.807525329589843750e+02 2.208996887207031250e+02
1.083901062011718750e+02 2.819734802246093750e+02
2.754657287597656250e+02 2.857285156250000000e+02
5.201561279296875000e+02 1.807575683593750000e+02
2.040703430175781250e+02 2.447187347412109375e+02
3.107644348144531250e+02 2.210261688232421875e+02
5.949956054687500000e+02 1.168353271484375000e+02
1.516996765136718750e+02 1.748857727050781250e+02
5.961885070800781250e+01 2.059799194335937500e+02
1.475454101562500000e+02 1.861662750244140625e+02
2.131085662841796875e+02 3.259591979980468750e+02
3.117716979980468750e+02 2.601410522460937500e+02
1.891618347167968750e+01 2.747309265136718750e+02
2.837759094238281250e+02 2.296695709228515625e+02
3.634535522460937500e+02 3.761244506835937500e+02
3.115803222656250000e+02 2.627454833984375000e+02
4.485789184570312500e+02 1.946214599609375000e+02
3.233534545898437500e+02 2.451857910156250000e+02
1.872775268554687500e+02 2.259834594726562500e+02
9.010353851318359375e+01 1.774311523437500000e+02
1.398179168701171875e+02 2.732723693847656250e+02
1.614387969970703125e+02 1.797123413085937500e+02
8.310415649414062500e+01 2.805993041992187500e+02
4.338013305664062500e+02 2.182603912353515625e+02
1.538187713623046875e+02 1.921527404785156250e+02
2.076893005371093750e+02 2.579613952636718750e+02
4.954389648437500000e+02 1.787973022460937500e+02
4.326744079589843750e+02 1.915460052490234375e+02
2.261881408691406250e+02 3.107416687011718750e+02
2.587920227050781250e+02 3.087908630371093750e+02
2.933260498046875000e+02 2.282682037353515625e+02
6.003176879882812500e+02 1.157811889648437500e+02
9.620617675781250000e+01 1.831090240478515625e+02
9.398198699951171875e+01 1.940375671386718750e+02
4.519353103637695312e+01 1.981104278564453125e+02
8.196432495117187500e+01 2.130147094726562500e+02
2.712574157714843750e+02 2.742318420410156250e+02
4.582453308105468750e+02 1.869263610839843750e+02
1.272510452270507812e+02 2.872098999023437500e+02
5.775308227539062500e+02 1.116504440307617188e+02
3.309965515136718750e+01 2.077295227050781250e+02
9.489207458496093750e+01 1.796588745117187500e+02
1.149979171752929688e+02 2.020540008544921875e+02
1.516980590820312500e+02 1.882806854248046875e+02
2.301772003173828125e+02 3.048246765136718750e+02
2.153061523437500000e+02 2.419035644531250000e+02
1.518989105224609375e+02 1.900904541015625000e+02
5.007189331054687500e+02 2.282984619140625000e+02
2.335385437011718750e+02 3.109766235351562500e+02
5.787609252929687500e+02 1.782042999267578125e+02
4.450021057128906250e+02 1.917156982421875000e+02
1.154499588012695312e+02 2.895765075683593750e+02
4.640786132812500000e+02 1.933854522705078125e+02
6.829458618164062500e+01 1.872990264892578125e+02
2.669331054687500000e+02 2.890171203613281250e+02
3.021949768066406250e+02 2.547447204589843750e+02
3.019790954589843750e+02 2.249203948974609375e+02
1.500815124511718750e+02 2.478427276611328125e+02
5.189867553710937500e+02 1.798597259521484375e+02
5.403660278320312500e+02 1.674375610351562500e+02
3.012576293945312500e+02 2.192274932861328125e+02
1.420380706787109375e+02 1.988871307373046875e+02
1.472010955810546875e+02 1.941694793701171875e+02
4.658951110839843750e+02 1.918297424316406250e+02
2.454581298828125000e+02 3.041203002929687500e+02
9.398198699951171875e+01 1.940375671386718750e+02
3.886741943359375000e+02 2.250725097656250000e+02
3.160771179199218750e+02 2.621843261718750000e+02
2.536011047363281250e+02 3.142705078125000000e+02
2.331459617614746094e+01 2.089127044677734375e+02
1.320795898437500000e+02 1.678677825927734375e+02
5.893721923828125000e+02 1.181648406982421875e+02
2.396397399902343750e+02 3.041474609375000000e+02
1.433407592773437500e+02 1.767161407470703125e+02
3.859041137695312500e+02 2.142873840332031250e+02
6.003176879882812500e+02 1.157811889648437500e+02
2.468522338867187500e+02 2.375684356689453125e+02
3.193042907714843750e+02 2.617548522949218750e+02
1.857693481445312500e+02 2.282005920410156250e+02
5.465628051757812500e+02 1.453646240234375000e+02
6.003176879882812500e+02 1.157811889648437500e+02
3.158644714355468750e+02 2.204106750488281250e+02
3.868189697265625000e+02 2.237053222656250000e+02
1.317019195556640625e+02 2.870606689453125000e+02
2.933260498046875000e+02 2.282682037353515625e+02
1.798967437744140625e+02 2.906731567382812500e+02
1.760515899658203125e+02 2.193661193847656250e+02
5.599925994873046875e+01 3.781659851074218750e+02
3.723795471191406250e+02 2.242024383544921875e+02
1.424036254882812500e+02 2.034918518066406250e+02
1.657430267333984375e+02 2.117882080078125000e+02
2.932788391113281250e+02 2.299370727539062500e+02
5.681119995117187500e+02 1.770165405273437500e+02
2.223140716552734375e+02 3.125825500488281250e+02
5.894046020507812500e+02 1.157868270874023438e+02
9.951930999755859375e+01 1.832793884277343750e+02
1.930896148681640625e+02 2.418690490722656250e+02
3.879088745117187500e+02 2.257879028320312500e+02
1.728841552734375000e+02 2.276977691650390625e+02
4.459038085937500000e+02 1.947938537597656250e+02
5.504319458007812500e+02 1.645527496337890625e+02
2.456770019531250000e+02 2.359263916015625000e+02
3.609563598632812500e+02 1.992320404052734375e+02
8.592075347900390625e+01 2.117019500732421875e+02
2.415444488525390625e+02 1.606894073486328125e+02
3.755473327636718750e+02 2.202396850585937500e+02
4.893300781250000000e+02 2.080489501953125000e+02
2.907574157714843750e+02 2.556833190917968750e+02
1.472010955810546875e+02 1.941694793701171875e+02
5.195976562500000000e+02 1.836551055908203125e+02
9.258676147460937500e+01 2.949043579101562500e+02
1.500587310791015625e+02 1.840688171386718750e+02
1.417053527832031250e+02 1.605008544921875000e+02
3.822136230468750000e+02 1.212542953491210938e+02
4.777431335449218750e+02 1.791107940673828125e+02
2.395660247802734375e+02 2.328490295410156250e+02
4.935026245117187500e+02 2.220231323242187500e+02
1.566205291748046875e+02 2.284404296875000000e+02
8.283332824707031250e+01 2.697526245117187500e+02
5.140232849121093750e+01 2.068856353759765625e+02
3.834629211425781250e+02 4.042858276367187500e+02
4.997312316894531250e+02 1.838605346679687500e+02
1.495214843750000000e+02 1.903025207519531250e+02
1.516980590820312500e+02 1.882806854248046875e+02
5.585805130004882812e+01 2.078159484863281250e+02
2.131085662841796875e+02 3.259591979980468750e+02
5.591746902465820312e+01 2.040733337402343750e+02
4.348026123046875000e+02 1.999055633544921875e+02
4.327140502929687500e+02 1.941013031005859375e+02
3.617919921875000000e+02 1.969246826171875000e+02
8.310415649414062500e+01 2.805993041992187500e+02
5.360607910156250000e+02 2.319223175048828125e+02
3.634535522460937500e+02 3.761244506835937500e+02
2.119724731445312500e+02 2.375687561035156250e+02
3.954053955078125000e+02 2.462596435546875000e+02
6.062492065429687500e+02 1.208054733276367188e+02
2.732271118164062500e+02 2.753846740722656250e+02
2.278609313964843750e+02 4.188829956054687500e+02
3.023712768554687500e+02 2.197138824462890625e+02
2.905643310546875000e+02 2.261797637939453125e+02
3.792755432128906250e+02 2.117802124023437500e+02
9.724524688720703125e+01 1.748757476806640625e+02
1.172743453979492188e+02 1.996953430175781250e+02
8.742383575439453125e+01 2.010980529785156250e+02
3.809087524414062500e+02 2.487866516113281250e+02
1.342611083984375000e+02 2.898674621582031250e+02
1.660405883789062500e+02 2.088293151855468750e+02
4.865693969726562500e+02 1.880616912841796875e+02
5.184243774414062500e+02 1.844093475341796875e+02
2.976285095214843750e+02 2.538459014892578125e+02
3.016410217285156250e+02 2.238556213378906250e+02
1.467901306152343750e+02 1.970001678466796875e+02
3.041308898925781250e+02 2.212030487060546875e+02
1.556237182617187500e+02 2.338101654052734375e+02
